0, (64, 3, 3, 3) 9%, 6
4, (128, 64, 3, 3) 12%, 16
8, (128, 128, 3, 3) 7%, 10
12, (128, 128, 3, 3) 9%, 12
16, (256, 128, 3, 3) 20%, 53
20, (512, 256, 3, 3) 21%, 110
24, (512, 512, 3, 3) 29%, 150
28, (512, 512, 3, 3) 3%, 19



0, (64, 3, 3, 3) 15%, 10
4, (128, 64, 3, 3) 12%, 16
8, (128, 128, 3, 3) 5%, 7
12, (128, 128, 3, 3) 4%, 6
16, (256, 128, 3, 3) 13%, 34
20, (512, 256, 3, 3) 16%, 87
24, (512, 512, 3, 3) 22%, 117
28, (512, 512, 3, 3) 8%, 45

0, (64, 3, 3, 3) 10%, 3->7
4, (128, 64, 3, 3) 10%, 7->13
8, (128, 128, 3, 3) 3%, 13->5
12, (128, 128, 3, 3) 3%, 5->4 inter=3
16, (256, 128, 3, 3) 10%, 14->26
20, (512, 256, 3, 3) 14%, 26->72
24, (512, 512, 3, 3) 17%, 72->88
28, (512, 512, 3, 3) 7%, 88->40 inter=10
32, (10, 512, 1, 1) 100%, 512->10
Iˈ0.000 loss: train: 0.624 test: 0.534 
Iˈ0.001 accuracy, train: 85.0% test: 87.4%
